function err=one6_Aim_between_pin_and_rigid(x)
format short
%x=x(1,1);
% bvib manual
% Tutorial: static analysis
% Units: m, kN
% Nodes=[NodID X Y Z]
% lspan = 75;   
%k1= 1.3e10;
%k2= 1.3e10;    
%k3= 1.3e7;
%k4= 1.3e7;
%k5= 1.5e10;
%k6= 1.5e10;   
% dy = 0.0001; %m, distance between nodes at a truss joint
yt=0;
yb=0;
b=0;
Nodes= [1000,0.00,0.00,0.00;
1002,9.30,0.00,0.00
1004,18.70,0.00,0.00
1006,28.10,0.00,0.00
1008,37.50,0.00,0.00
1010,46.90,0.00,0.00
1012,56.30,0.00,0.00
1014,65.70,0.00,0.00
1016,75.00,0.00,0.00 
2002,9.30,0.00,5.65
2004,18.70,0.00,9.73
2006,28.10,0.00,12.18
2008,37.50,0.00,13.00
2010,46.90,0.00,12.18
2012,56.30,0.00,9.73
2014,65.70,0.00,5.65
3000,0.00,5.00,0.00
3002,9.30,5.00,0.00
3004,18.70,5.00,0.00
3006,28.10,5.00,0.00
3008,37.50,5.00,0.00
3010,46.90,5.00,0.00
3012,56.30,5.00,0.00
3014,65.70,5.00,0.00
3016,75.00,5.00,0.00
4002,9.30,5.00,5.65
4004,18.70,5.00,9.73
4006,28.10,5.00,12.18
4008,37.50,5.00,13.00
4010,46.90,5.00,12.18
4012,56.30,5.00,9.73
4014,65.70,5.00,5.65                                                       
2001,7.3,0,4.45
2003,11.3,0,6.52
2005,23.4,0,10.958
2007,32.8,0,12.592
2009,42.2,0,12.592
2011,51.6,0,10.958
2015,67.7,0,4.45
2013,63.7,0,6.52 
4001,7.3,5,4.45
4003,11.3,5,6.52   
4005,23.4,5,10.958
4007,32.8,5,12.592
4009,42.2,5,12.592
4011,51.6,5,10.958
4015,75-7.3,5,4.45
4013,75-11.3,5,6.52 
2504,18.7,2.5,9.733 
2506,28.1,2.5,12.183 
2508,37.5,2.5,13      
2510,46.9,2.5,12.183;    
2512,56.3,2.5,9.733  
2601,21.05,1.25,10.344
2602,21.05,3.75,10.344   
2603,53.95,1.25,10.344
2604,53.95,3.75,10.344 
1500,0,1.965,0
1502,9.3,1.965,0
1504,18.7,1.965,0
1506,28.1,1.965,0
1508,37.5,1.965,0
1510,46.9,1.965,0
1512,56.3,1.965,0
1514,65.7,1.965,0
1516,75,1.965,0
3500,0,3.035,0
3502,9.3,3.035,0
3504,18.7,3.035,0
3506,28.1,3.035,0
3508,37.5,3.035,0
3510,46.9,3.035,0
3512,56.3,3.035,0
3514,65.7,3.035,0
3516,75,3.035,0 
10000,0,0,-1
30000,0.00,5.00,-1
10160,75.00,0.00,-1
30160,75.00,5.00,-1
20000,-1,0,0
40000,-1,5,0
9999,37.5,2.5,10
9998,37.5,10,5];
%E=2e11;
% reference node
% Check the node coordinates as follows:
% figure
% plotnodes(Nodes);
% Element types -> {EltTypID EltName}
Types=  {1        'beam';
         2        'link'};
% type 1 
% /Upper chord:     
A_u1	=	0.056;			% m2 (upper chord)
Iy_u1	=	0.0031;	        % m4 (strong axis)
Iz_u1	=	0.00067;       	% m4 (weak axis)
% wy_u1	=	0.440;	        % 
% wz_u1	=	0.600;           %	
%SECTYPE,1,BEAM, ASEC, , 0   %SECTYPE, SECID, Type, Subtype, Name, REFINEKEY
A_u1b	=	0.060;			% m2 (upper chord)
Iy_u1b	=	0.00393	;        % m4 (strong axis)
Iz_u1b	=	0.00073;       	% m4 (weak axis)
%SECTYPE,101,BEAM, ASEC, , 0   %SECTYPE, SECID, Type, Subtype, Name, REFINEKEY :     
A_u2	=	0.05434	;		% m2 (upper chord)
Iy_u2	=	0.00293	;        % m4 (strong axis)
Iz_u2	=	0.000646 ;      	% m4 (weak axis)
% wy_u2	=	0.440;	        % 
% wz_u2	=	0.600 ;          %	
%SECTYPE,2,BEAM, ASEC, , 0   %SECTYPE, SECID, Type, Subtype, Name, REFINEKEY   
A_u3	=	0.03376	;		% m2 (upper chord)
Iy_u3	=	0.0019	;        % m4 (strong axis)
Iz_u3	=	0.00043 ;      	% m4 (weak axis)
% wy_u3	=	0.440	;        % 
% wz_u3	=	0.600   ;        %	
%SECTYPE,3,BEAM, ASEC, , 0   %SECTYPE, SECID, Type, Subtype, Name, REFINEKEY    
A_l1	=	0.0198;		% m2 (lower chord)
Iy_l1	=	0.000627;       % m4 (strong axis)
Iz_l1	=	0.000207;      	% m4 (weak axis)
% wy_l1	=	0.520;      
% wz_l1	=	0.420;       	
%SECTYPE,4,BEAM, ASEC, , 0   %SECTYPE, SECID, Type, Subtype, Name, REFINEKEY
A_v1	=	0.010;		% m2 (vertical)
Iy_v1	=	1.15E-04;       % m4 (strong axis, the same direction with global X)
Iz_v1	=	5.49E-05;    	% m4 (weak axis, the same direction with global Y)
% wy_v1	=	0.320;	        % 
% wz_v1	=	0.438;           %	
%SECTYPE,5,BEAM, ASEC, , 0   %SECTYPE, SECID, Type, Subtype, Name, REFINEKEY
 A_v2	=	0.02312	;	    % m2 (vertical)
Iy_v2	=	0.00065*1.2;         % m4 (strong axis, the same direction with global X)
Iz_v2	=	0.00016;    	    % m4 (weak axis, the same direction with global Y)
% wy_v2	=	0.420;	        % 
% wz_v2	=	0.472 ;          %	
%SECTYPE,6,BEAM, ASEC, , 0   %SECTYPE, SECID, Type, Subtype, Name, REFINEKEY    
 A_v3	=	0.01416;		    % m2 (vertical)
Iy_v3	=	0.000278;        % m4 (strong axis, the same direction with global X)
Iz_v3	=	0.000124;    	% m4 (weak axis, the same direction with global Y)
% wy_v3	=	0.320;	        % 
% wz_v3	=	0.438;           %	
%SECTYPE,7,BEAM, ASEC, , 0   %SECTYPE, SECID, Type, Subtype, Name, REFINEKEY
 A_d1	=	0.01416;		    % m2 (diagonal)
Iy_d1	=	0.000278;        % m4 (strong axis)
Iz_d1	=	0.000124;   	% m4 (weak axis, the same direction with global Y)
% wy_d1	=	0.320	;        % 
% wz_d1	=	0.438 ;          %	
%SECTYPE,8,BEAM, ASEC, , 0   %SECTYPE, SECID, Type, Subtype, Name, REFINEKEY    
 A_d2	=	0.0147;		    % m2 (diagonal)
Iy_d2	=	0.00034;         % m4 (strong axis)
Iz_d2	=	0.00012;    	    % m4 (weak axis, the same direction with global Y)
% wy_d2	=	0.350;	        % 
% wz_d2	=	0.438;           %	
%SECTYPE,9,BEAM, ASEC, , 0   %SECTYPE, SECID, Type, Subtype, Name, REFINEKEY    
 A_d3	=	0.0154;		    % m2 (diagonal)
Iy_d3	=	0.0004 ;         % m4 (strong axis)
Iz_d3	=	0.00012;    	    % m4 (weak axis, the same direction with global Y)
% wy_d3	=	0.380	;        % 
% wz_d3	=	0.438 ;          %	
%SECTYPE,10,BEAM, ASEC, , 0   %SECTYPE, SECID, Type, Subtype, Name, REFINEKEY  
 A_s1	=	0.02135	;	    % m2 (stringer)
Iy_s1	=	0.002  ;         % m4 (strong axis, global Y driection)
Iz_s1	=	0.00016 ;   	    % m4 (weak axis, the same direction with global Y)
% wy_s1	=	0.250;	        % 
% wz_s1	=	0.700 ;          % (re-check%)	
%SECTYPE,11,BEAM, ASEC, , 0   %SECTYPE, SECID, Type, Subtype, Name, REFINEKEY   
 A_c1	=	0.026044;		% m2 (cross beam)
Iy_c1	=	3.20E-03  ;       % m4 (strong axis, global X driection)
Iz_c1	=	9.25E-05;    	% m4 (weak axis, the same direction with global Z)
% wy_c1	=	0.300	;        % 
% wz_c1	=	0.900 ;          % (re-check%)	
%SECTYPE,12,BEAM, ASEC, , 0   %SECTYPE, SECID, Type, Subtype, Name, REFINEKEY  
 A_c2	=	0.025544;		% m2 (cross beam)
Iy_c2	=	0.00361 ;        % m4 (strong axis, global X driection)
Iz_c2	=	0.000203 ;   	% m4 (weak axis, the same direction with global Z)
% wy_c2	=	0.400;	        % 
% wz_c2	=	0.900 ;          % (re-check%)	
%SECTYPE,13,BEAM, ASEC, , 0   %SECTYPE, SECID, Type, Subtype, Name, REFINEKEY 
 A_t1	=	0.053 ;		    % m2 (cross beam)
Iy_t1	=	0.0028 ;         % m4 (strong axis, global X driection)
Iz_t1	=	0.000625;    	% m4 (weak axis, the same direction with global Z)
% wy_t1	=	0.300;	        % 
% wz_t1	=	0.300 ;          % (re-check%)	
%SECTYPE,14,BEAM, ASEC, , 0   %SECTYPE, SECID, Type, Subtype, Name, REFINEKEY   
 A_t2	=	0.01464	;	    % m2 (cross beam)
Iy_t2	=	0.00086  ;        % m4 (strong axis, global X driection)
Iz_t2	=	0.000092 ;   	% m4 (weak axis, the same direction with global Z)
% wy_t2	=	0.300	 ;       % 
% wz_t2	=	0.300 ;          % (re-check%)	
%SECTYPE,15,BEAM, ASEC, , 0   %SECTYPE, SECID, Type, Subtype, Name, REFINEKEY     
 A_t3	=	0.0358	;	    % m2 (cross beam)
Iy_t3	=	0.00212;          % m4 (strong axis, global X driection)
Iz_t3	=	0.000513 ;   	% m4 (weak axis, the same direction with global Z)
% wy_t3	=	0.300;	        % 
% wz_t3	=	0.300;           % (re-check%)	
%SECTYPE,16,BEAM, ASEC, , 0   %SECTYPE, SECID, Type, Subtype, Name, REFINEKEY    
 A_t4	=	0.03376	;	    % m2 (cross beam)
Iy_t4	=	0.0019 ;         % m4 (strong axis, global X driection)
Iz_t4	=	0.00043;    	    % m4 (weak axis, the same direction with global Z)
% wy_t4	=	0.300;	        % 
% wz_t4	=	0.300 ;          % (re-check%)	
%SECTYPE,17,BEAM, ASEC, , 0   %SECTYPE, SECID, Type, Subtype, Name, REFINEKE  
 A_lb1	=	0.0049;		% m2 (cross beam)
Iy_lb1 = 4.38E-06;
Iz_lb1 = 2.38E-05;
%SECTYPE,18,BEAM, ASEC, , 0   %SECTYPE, SECID, Type, Subtype, Name, REFINEKEY   
 A_ub1	=	0.0036;		% m2 (cross beam)
Iy_ub1 = 1.09E-05;
Iz_ub1 = 8.00E-06;
%SECTYPE,19,BEAM, ASEC, , 0   %SECTYPE, SECID, Type, Subtype, Name, REFINEKEY
 A_ub2	=	0.0019;	% m2 (cross beam)
Iy_ub2 = 1.40E-06;
